ran against set2

set12 = [10968 10974 10986 11016 11028 11058 11066 11074 11092 11102 11114 11130
 11136 11146 11170 11178 11186 11232 11250 11260 11282 11306 11332 11352
 11358 11370 11382 11406 11420 11458 11462 11496 11510 11542 11550 11556
 11568 11584 11592 11610 11626 11642 11676 11688 11694 11710 11726 11734
 11748 11760 11778 11794 11818 11832 11856 11866 11874 11886 11904 11928
 11936 11956 11970 11996 12010 12020 12040 12054 12060 12076 12098 12116
 12144 12158 12204 12212 12220 12242 12258 12270 12286 12308 12334 12360
 12368 12384 12402 12408 12438 12456 12490 12504 12514 12538 12546 12576
 12582 12612 12630 12644]
set10 = [ 9156  9164  9174  9198  9210  9240  9272  9292  9300  9308  9336  9354
  9362  9376  9400  9408  9416  9454  9468  9484  9498  9522  9556  9584
  9594  9600  9612  9630  9656  9670  9674  9690  9704  9718  9726  9750
  9758  9766  9786  9802  9816  9828  9854  9866  9882  9912  9930  9940
  9956  9970  9986 10020 10030 10038 10044 10062 10068 10088 10104 10158
 10176 10188 10196 10230 10236 10242 10272 10294 10304 10330 10340 10356
 10376 10386 10406 10424 10434 10452 10470 10488 10504 10520 10540 10560
 10574 10584 10592 10608 10616 10630 10648 10660 10674 10710 10716 10752
 10758 10792 10800 10818]
set1 = [1776 1788 1800 1818 1830 1854 1866 1876 1888 1892 1904 1914 1920 1926
 1950 1962 1970 2008 2020 2032 2042 2072 2086 2106 2118 2130 2142 2158
 2174 2184 2192 2202 2222 2238 2244 2256 2262 2280 2296 2320 2334 2352
 2366 2376 2382 2398 2420 2428 2438 2446 2474 2482 2490 2496 2520 2530
 2540 2556 2574 2598 2610 2620 2636 2664 2674 2682 2700 2718 2732 2746
 2760 2768 2784 2792 2816 2832 2838 2850 2864 2880 2910 2922 2940 2958
 2970 2980 2990 3000 3008 3040 3054 3070 3084 3112 3120 3142 3152 3186
 3196 3210]
set20 =[17640 17648 17658 17676 17692 17724 17730 17736 17766 17772 17784 17794
 17822 17836 17866 17874 17888 17928 17940 17976 17988 18018 18040 18056
 18076 18080 18090 18100 18120 18142 18146 18158 18174 18210 18224 18234
 18248 18256 18286 18322 18346 18360 18374 18392 18424 18438 18450 18460
 18480 18486 18518 18528 18538 18546 18556 18582 18600 18608 18624 18650
 18674 18688 18696 18722 18730 18740 18756 18774 18800 18826 18840 18854
 18870 18882 18914 18942 18954 18972 18990 19002 19026 19038 19056 19092
 19106 19128 19164 19170 19178 19206 19222 19234 19246 19272 19284 19308
 19328 19356 19366 19376]
set4 = [3978 3984 4004 4026 4048 4068 4076 4084 4092 4110 4130 4138 4146 4158
 4176 4182 4206 4248 4264 4276 4290 4316 4336 4362 4380 4386 4396 4408
 4418 4450 4454 4470 4490 4504 4520 4528 4538 4554 4566 4590 4606 4620
 4652 4668 4674 4696 4730 4738 4748 4764 4784 4792 4810 4818 4830 4840
 4850 4878 4890 4914 4922 4938 4968 4994 5004 5012 5028 5044 5052 5064
 5084 5094 5112 5120 5148 5156 5176 5180 5208 5224 5256 5280 5304 5322
 5330 5338 5342 5368 5378 5400 5418 5434 5442 5464 5472 5490 5498 5530
 5538 5558]
set18 [16642 16658 16676 16692 16710 16738 16746 16756 16782 16788 16808 16828
 16844 16858 16878 16890 16908 16944 16968 16980 17000 17028 17050 17066
 17074 17078 17094 17106 17118 17130 17136 17186 17202 17214 17220 17226
 17238 17254 17266 17284 17310 17322 17340 17352 17362 17376 17390 17430
 17456 17464 17484 17490 17508 17516 17526 17538 17544 17564 17596 17628
 17636 17658 17670 17700 17730 17756 17770 17784 17790 17802 17814 17834
 17844 17856 17880 17894 17914 17928 17942 17994 18010 18020 18040 18078
 18090 18100 18104 18126 18132 18156 18174 18208 18232 18264 18272 18298
 18312 18336 18348 18368]
[1231 1234 1242 1256 1270 1290 1296 1302 1312 1320 1328 1338 1344 1350
 1366 1374 1386 1422 1434 1444 1454 1478 1492 1512 1524 1530 1536 1546
 1556 1564 1580 1590 1608 1620 1632 1638 1646 1656 1666 1684 1702 1712
 1734 1742 1750 1758 1778 1794 1806 1812 1830 1840 1848 1860 1870 1882
 1890 1898 1914 1938 1946 1960 1976 2004 2010 2016 2040 2058 2070 2082
 2094 2106 2120 2132 2156 2166 2176 2186 2202 2220 2242 2252 2278 2294
 2306 2314 2322 2334 2340 2352 2368 2386 2400 2422 2432 2452 2460 2494
 2502 2528]
[3222 3228 3236 3252 3270 3294 3306 3312 3328 3344 3360 3370 3384 3390
 3406 3410 3426 3472 3480 3502 3512 3536 3550 3566 3580 3590 3612 3642
 3654 3664 3674 3696 3710 3724 3734 3754 3758 3766 3780 3798 3816 3828
 3852 3860 3886 3898 3908 3918 3930 3940 3968 3978 3988 3992 4002 4012
 4020 4038 4054 4080 4100 4108 4116 4152 4164 4172 4186 4224 4244 4264
 4280 4290 4302 4310 4334 4362 4378 4382 4410 4428 4444 4464 4494 4518
 4526 4534 4544 4554 4562 4576 4590 4600 4612 4638 4644 4662 4670 4702
 4710 4728]
[14742 14754 14774 14802 14826 14854 14870 14880 14902 14910 14924 14934
 14952 14976 14998 15002 15014 15052 15060 15070 15090 15110 15130 15146
 15156 15180 15190 15198 15210 15232 15242 15258 15278 15310 15314 15328
 15348 15366 15376 15390 15406 15432 15446 15456 15466 15480 15498 15504
 15542 15550 15594 15600 15616 15620 15642 15652 15672 15684 15708 15738
 15746 15754 15776 15836 15846 15852 15868 15894 15900 15930 15948 15968
 15996 16008 16028 16064 16080 16092 16122 16134 16150 16172 16194 16230
 16254 16260 16274 16284 16290 16308 16324 16338 16350 16378 16382 16410
 16430 16462 16482 16506]
[8230 8244 8256 8276 8298 8320 8336 8352 8368 8394 8406 8422 8430 8436
 8470 8480 8504 8548 8560 8580 8592 8612 8628 8652 8664 8672 8680 8692
 8730 8748 8760 8768 8792 8812 8816 8836 8840 8862 8892 8922 8940 8964
 8994 9006 9012 9036 9048 9058 9068 9082 9104 9118 9130 9138 9150 9160
 9168 9176 9196 9218 9236 9244 9252 9282 9288 9302 9316 9342 9362 9376
 9390 9416 9426 9440 9464 9474 9486 9492 9518 9534 9550 9572 9600 9618
 9626 9660 9666 9694 9702 9718 9742 9760 9780 9804 9810 9828 9834 9874
 9886 9906]
[10066 10070 10086 10110 10122 10144 10166 10176 10212 10220 10230 10242
 10254 10270 10288 10292 10326 10362 10374 10384 10394 10428 10450 10466
 10476 10488 10500 10530 10550 10560 10580 10592 10608 10632 10640 10648
 10662 10674 10686 10710 10726 10740 10764 10776 10792 10800 10824 10848
 10860 10866 10890 10912 10926 10932 10950 10960 10964 10976 11008 11034
 11054 11064 11072 11106 11116 11120 11140 11154 11160 11172 11202 11210
 11220 11232 11256 11274 11284 11300 11322 11344 11362 11378 11398 11448
 11468 11484 11492 11500 11508 11520 11544 11556 11574 11608 11612 11638
 11648 11692 11700 11720]
[6510 6528 6540 6558 6582 6610 6626 6634 6670 6678 6690 6700 6710 6720
 6736 6740 6758 6798 6808 6816 6830 6870 6886 6902 6910 6930 6936 6946
 6966 6972 6980 6990 7028 7044 7052 7060 7070 7084 7122 7150 7164 7178
 7194 7202 7210 7218 7236 7254 7268 7276 7298 7312 7324 7346 7354 7362
 7370 7406 7420 7448 7464 7474 7482 7514 7524 7538 7552 7570 7574 7590
 7602 7614 7622 7638 7658 7680 7690 7712 7728 7750 7776 7812 7834 7868
 7878 7900 7910 7920 7926 7942 7968 7980 7992 8020 8024 8050 8064 8094
 8110 8120]
[2458 2462 2474 2498 2518 2554 2558 2566 2578 2582 2594 2602 2606 2614
 2638 2642 2654 2722 2734 2746 2762 2798 2818 2846 2854 2858 2866 2878
 2894 2902 2906 2918 2942 2962 2966 2974 2978 2986 2998 3022 3046 3062
 3086 3098 3106 3118 3134 3142 3158 3166 3194 3202 3214 3218 3226 3238
 3242 3254 3274 3314 3326 3334 3338 3386 3394 3398 3418 3442 3446 3466
 3482 3494 3506 3518 3554 3566 3574 3578 3602 3622 3646 3662 3694 3722
 3734 3742 3746 3754 3758 3778 3802 3814 3826 3862 3866 3898 3902 3946
 3958 3974]
[5650 5654 5678 5696 5710 5734 5742 5764 5772 5784 5804 5814 5820 5826
 5842 5868 5876 5922 5934 5956 5972 5996 6012 6044 6064 6068 6076 6088
 6098 6108 6116 6132 6150 6172 6186 6208 6212 6222 6232 6262 6282 6314
 6330 6338 6346 6358 6368 6384 6396 6414 6458 6472 6484 6498 6516 6528
 6540 6558 6570 6594 6606 6618 6626 6660 6666 6672 6696 6714 6722 6736
 6750 6758 6774 6782 6816 6834 6846 6866 6882 6898 6922 6932 6954 6974
 6986 7018 7026 7044 7050 7068 7090 7104 7122 7158 7164 7182 7188 7234
 7252 7266]
[7372 7382 7400 7422 7456 7476 7482 7494 7506 7512 7526 7548 7560 7570
 7588 7592 7604 7648 7666 7674 7692 7716 7732 7752 7764 7772 7786 7798
 7808 7818 7826 7838 7860 7878 7904 7914 7938 7944 7968 7984 8004 8022
 8064 8078 8100 8110 8120 8134 8148 8154 8174 8182 8206 8216 8232 8256
 8274 8286 8298 8330 8342 8356 8360 8394 8400 8408 8428 8454 8460 8494
 8504 8526 8534 8550 8570 8586 8610 8616 8630 8644 8664 8688 8710 8730
 8738 8754 8772 8784 8790 8806 8848 8856 8872 8892 8900 8920 8928 8956
 8970 8984]
[4810 4814 4830 4856 4872 4894 4902 4914 4926 4934 4956 4972 4976 4984
 5010 5018 5028 5070 5086 5100 5114 5138 5170 5190 5196 5208 5226 5236
 5250 5272 5276 5292 5318 5332 5336 5350 5366 5374 5388 5418 5434 5448
 5462 5472 5482 5490 5510 5518 5546 5572 5598 5604 5614 5622 5632 5640
 5648 5676 5688 5714 5736 5746 5760 5786 5796 5810 5836 5850 5856 5872
 5894 5904 5912 5936 5978 5994 6004 6008 6030 6042 6064 6074 6100 6120
 6128 6142 6146 6160 6168 6186 6228 6244 6252 6280 6290 6312 6324 6364
 6376 6396]
[18622 18632 18654 18668 18690 18720 18728 18750 18760 18768 18780 18790
 18794 18804 18828 18840 18866 18912 18936 18946 18960 18980 19006 19022
 19036 19052 19060 19096 19106 19120 19134 19142 19178 19194 19212 19224
 19236 19242 19260 19294 19312 19322 19350 19376 19390 19398 19418 19434
 19460 19474 19500 19510 19518 19530 19536 19548 19560 19584 19596 19628
 19640 19648 19656 19682 19710 19740 19752 19768 19772 19792 19802 19824
 19842 19856 19896 19904 19914 19920 19934 19954 19972 20000 20028 20052
 20066 20082 20090 20100 20108 20122 20152 20160 20170 20200 20220 20238
 20252 20280 20290 20300]
[13798 13808 13820 13838 13860 13888 13892 13902 13926 13932 13944 13954
 13962 13978 14008 14018 14030 14074 14088 14112 14124 14156 14172 14204
 14218 14228 14242 14260 14270 14280 14294 14312 14360 14374 14382 14394
 14400 14410 14418 14434 14464 14484 14502 14516 14526 14538 14550 14572
 14582 14590 14606 14634 14644 14652 14662 14682 14714 14726 14740 14766
 14784 14794 14816 14844 14856 14862 14880 14898 14906 14920 14958 14966
 14982 15000 15026 15042 15054 15080 15098 15120 15136 15158 15178 15198
 15206 15238 15254 15274 15278 15300 15318 15328 15354 15382 15390 15412
 15420 15450 15466 15486]
[15762 15768 15780 15798 15810 15834 15840 15846 15880 15884 15918 15928
 15932 15940 15958 15974 15984 16030 16050 16072 16094 16116 16132 16154
 16164 16170 16180 16192 16206 16218 16224 16238 16254 16278 16296 16308
 16316 16324 16342 16362 16390 16400 16422 16436 16444 16456 16490 16500
 16518 16530 16548 16558 16576 16592 16626 16636 16652 16680 16698 16730
 16740 16750 16760 16794 16804 16820 16840 16858 16862 16882 16902 16920
 16940 16952 16976 17000 17014 17022 17042 17070 17086 17100 17118 17138
 17154 17160 17172 17184 17192 17208 17230 17238 17262 17290 17294 17322
 17328 17356 17370 17388]
[11892 11898 11924 11940 11968 11988 12002 12012 12022 12030 12050 12072
 12084 12096 12118 12152 12164 12208 12220 12232 12242 12266 12292 12312
 12318 12332 12342 12376 12386 12400 12410 12432 12450 12468 12476 12490
 12516 12540 12556 12570 12592 12602 12626 12636 12646 12672 12684 12690
 12710 12732 12756 12762 12778 12782 12790 12816 12834 12866 12880 12908
 12920 12928 12942 12972 12984 12998 13020 13038 13044 13062 13092 13100
 13122 13142 13170 13182 13198 13212 13238 13254 13270 13298 13318 13344
 13356 13362 13370 13380 13398 13416 13450 13458 13492 13518 13526 13546
 13568 13594 13612 13644]
[12906 12912 12926 12948 12960 12994 12998 13014 13032 13068 13076 13084
 13092 13108 13126 13134 13148 13188 13198 13206 13220 13262 13276 13310
 13324 13332 13342 13362 13374 13384 13392 13400 13424 13440 13452 13458
 13470 13480 13506 13522 13560 13572 13586 13598 13624 13632 13664 13672
 13686 13692 13710 13720 13750 13758 13770 13780 13784 13824 13840 13868
 13890 13906 13910 13944 13950 13962 13978 13998 14004 14022 14042 14070
 14082 14102 14124 14156 14164 14168 14192 14212 14232 14244 14268 14294
 14304 14322 14330 14350 14358 14376 14392 14404 14416 14442 14450 14476
 14490 14514 14526 14540]
